337766590	-844086361	267.05	13	125	0.01	-0.00	0.02	33.26	21	52	260.59	0.86	0.12	-0.00	1.00	-0.14	7.03	12.04	146656
337766590	-844086361	267.05	13	125	-0.00	0.00	-0.04	33.26	14	52	260.61	-0.35	0.12	-0.00	1.00	-0.20	7.07	12.00	146756
337766590	-844086361	267.05	13	125	0.00	0.00	0.02	33.26	19	52	260.48	-0.19	0.12	-0.00	1.00	-0.18	7.07	11.98	146856
337766590	-844086361	267.05	13	125	0.00	0.00	0.02	33.26	19	52	260.40	-0.47	0.12	-0.00	1.00	-0.19	7.05	11.97	146956
337766590	-844086361	267.05	13	125	0.00	0.01	-0.04	33.26	14	52	260.42	0.18	0.12	-0.00	1.00	-0.11	7.00	12.05	147056
337766589	-844086362	267.05	13	125	-0.00	-0.00	0.00	33.26	12	52	260.21	-0.52	0.12	-0.00	1.00	-0.14	7.01	12.04	147156
337766589	-844086362	267.05	13	125	0.00	-0.00	0.01	33.26	13	52	260.62	-0.46	0.13	-0.00	1.00	-0.11	7.08	12.05	147256
337766589	-844086363	267.05	13	125	0.00	0.00	-0.02	33.26	11	52	260.68	-0.87	0.12	-0.00	1.00	-0.12	7.11	12.08	147356
337766589	-844086363	267.05	13	125	0.00	0.00	-0.02	33.26	11	52	260.65	0.32	0.12	-0.00	1.00	-0.13	7.07	12.01	147456
337766589	-844086363	267.05	13	125	-0.00	0.00	-0.00	33.26	6	52	260.28	-0.12	0.12	-0.00	1.00	-0.14	7.05	12.01	147556
337766589	-844086363	267.05	13	125	0.00	0.00	-0.04	33.26	19	52	260.58	0.39	0.13	-0.00	1.00	-0.15	7.05	11.94	147657
337766589	-844086362	267.05	13	125	-0.00	0.00	-0.01	33.26	11	52	260.56	-0.07	0.12	-0.00	1.00	-0.15	7.04	11.98	147756
337766589	-844086363	267.05	13	125	0.00	0.01	-0.05	33.26	11	52	260.33	0.11	0.12	-0.00	1.00	-0.15	7.09	12.04	147857
337766589	-844086363	267.06	13	125	-0.00	-0.01	-0.01	33.26	12	52	260.84	-0.03	0.12	-0.00	1.00	-0.12	7.05	12.03	147957
337766589	-844086363	267.06	13	125	-0.00	-0.01	-0.01	33.26	12	52	260.97	0.09	0.12	-0.00	1.00	-0.16	7.07	11.97	148057
337766589	-844086364	267.06	13	125	-0.00	0.00	-0.02	33.26	13	51	260.75	-0.14	0.12	-0.00	1.00	-0.11	7.01	12.04	148157
337766589	-844086364	267.06	13	125	0.00	-0.00	-0.02	33.26	18	51	260.70	-0.27	0.12	-0.00	1.00	-0.14	7.07	11.99	148257
337766589	-844086364	267.06	13	125	0.00	0.00	-0.02	33.26	22	51	260.75	-0.08	0.13	-0.00	1.00	-0.15	7.02	12.09	148357
337766589	-844086364	267.06	13	125	0.00	0.00	-0.02	33.26	22	51	260.30	-0.13	0.13	-0.00	1.00	-0.12	7.07	12.12	148457
337766589	-844086364	267.06	13	125	-0.02	-0.00	0.05	33.26	20	51	260.36	-0.05	0.12	-0.00	1.00	-0.12	7.10	11.98	148557
337766589	-844086364	267.06	13	125	0.00	0.02	0.02	33.26	13	51	260.50	-0.03	0.12	-0.00	1.00	-0.13	7.10	12.06	148657
337766589	-844086364	267.06	13	125	0.00	-0.02	-0.08	33.26	40	51	260.93	0.05	0.12	-0.00	1.00	-0.13	7.09	12.05	148757
337766589	-844086364	267.06	13	125	-0.01	0.01	0.02	33.26	35	51	260.57	-0.38	0.12	-0.00	1.00	-0.10	7.06	12.00	148857
337766589	-844086364	267.06	13	125	-0.01	0.01	0.02	33.26	35	51	260.84	0.17	0.12	-0.00	1.00	-0.15	7.02	12.02	148957
337766589	-844086364	267.06	13	125	0.03	0.00	-0.04	33.26	28	51	260.60	0.03	0.12	-0.00	1.00	-0.17	7.08	12.03	149057
337766589	-844086364	267.07	13	125	-0.00	-0.00	-0.00	33.26	14	51	260.68	0.30	0.12	-0.00	1.00	-0.16	7.07	12.01	149157
337766589	-844086364	267.07	13	125	0.02	0.00	-0.10	33.26	29	51	261.01	0.72	0.12	-0.00	1.00	-0.14	7.08	11.99	149257
337766588	-844086364	267.07	13	125	-0.00	0.01	0.06	33.26	29	51	260.83	-0.83	0.12	-0.00	1.00	-0.17	7.02	12.01	149357
337766588	-844086364	267.07	13	125	-0.00	0.01	0.06	33.26	29	51	260.75	-0.34	0.12	-0.00	1.00	-0.13	7.08	12.00	149457
337766589	-844086364	267.07	13	125	0.00	0.00	-0.06	33.26	27	51	260.50	-0.17	0.12	-0.00	1.00	-0.22	7.07	12.04	149557
337766589	-844086364	267.07	13	125	0.03	-0.00	-0.02	33.26	13	51	260.57	1.26	0.12	-0.00	1.00	-0.16	7.03	11.98	149657
337766589	-844086364	267.07	13	125	-0.02	0.00	0.07	33.26	22	51	260.73	0.16	0.13	-0.00	1.00	-0.12	7.07	12.02	149757
337766589	-844086363	267.07	13	125	0.02	-0.02	-0.02	33.26	20	51	261.06	-0.22	0.12	-0.00	1.00	-0.11	7.08	12.01	149857
337766589	-844086363	267.07	13	125	0.02	-0.02	-0.02	33.26	20	51	261.08	0.17	0.12	-0.00	1.00	-0.14	7.04	12.00	149957
337766589	-844086364	267.07	13	125	0.02	0.04	-0.06	33.26	20	50	260.91	0.58	0.12	-0.00	1.00	-0.18	7.05	11.97	150057
337766589	-844086365	267.07	13	125	0.01	-0.02	0.03	33.26	19	50	261.09	0.78	0.12	-0.00	1.00	-0.19	7.06	11.99	150157
337766589	-844086365	267.07	13	125	0.02	0.01	-0.05	33.26	18	50	261.06	-0.09	0.12	-0.00	1.00	-0.19	7.05	11.98	150257
337766589	-844086364	267.07	13	125	-0.02	-0.01	0.02	33.26	15	50	260.82	0.28	0.12	-0.00	1.00	-0.17	7.07	12.00	150357
337766589	-844086364	267.07	13	125	-0.02	-0.01	0.02	33.26	15	50	260.96	-0.12	0.12	-0.00	1.00	-0.17	7.10	12.00	150458
337766589	-844086364	267.07	13	125	0.01	0.02	-0.12	33.26	19	50	260.78	0.74	0.12	-0.00	1.00	-0.13	7.05	12.01	150558
337766589	-844086364	267.07	13	125	0.00	-0.02	0.14	33.26	30	50	260.60	0.49	0.12	-0.00	1.00	-0.17	7.04	12.03	150658
337766589	-844086364	267.07	13	125	-0.01	-0.03	0.02	33.26	30	50	260.68	0.25	0.12	-0.00	1.00	-0.15	7.07	12.11	150758
337766589	-844086364	267.07	13	125	-0.01	-0.03	0.02	33.26	30	50	260.71	-0.92	0.12	-0.00	1.00	-0.13	7.03	12.06	150858
337766588	-844086364	267.07	13	125	0.00	0.00	0.10	33.26	20	50	261.05	0.25	0.12	-0.00	1.00	-0.09	7.07	12.05	150958
337766588	-844086364	267.07	13	125	-0.02	-0.02	-0.04	33.26	39	50	260.69	-0.20	0.12	-0.00	1.00	-0.17	6.99	12.02	151058
337766587	-844086363	267.08	13	125	0.03	0.04	-0.00	33.26	10	50	260.80	1.01	0.12	-0.00	1.00	-0.14	7.04	12.06	151158
337766587	-844086362	267.08	13	125	0.00	-0.03	-0.02	33.26	17	50	261.05	-0.26	0.12	-0.00	1.00	-0.12	7.03	12.04	151258
337766587	-844086362	267.09	13	125	0.04	0.04	-0.05	33.26	18	50	260.96	-0.15	0.12	-0.00	1.00	-0.15	7.07	12.03	151358
337766587	-844086362	267.09	13	125	0.04	0.04	-0.05	33.26	18	50	260.78	-0.55	0.12	-0.00	1.00	-0.14	7.05	12.06	151458
337766587	-844086362	267.09	13	125	0.02	0.04	0.05	33.26	28	50	260.42	0.05	0.12	0.00	1.00	-0.18	7.04	12.03	151558
337766587	-844086362	267.10	13	125	0.00	0.02	-0.02	33.26	27	50	260.82	0.60	0.12	-0.00	1.00	-0.08	7.02	12.07	151657
337766588	-844086362	267.10	13	125	0.07	0.02	-0.02	33.26	26	50	260.52	0.30	0.13	-0.00	1.00	-0.15	7.06	12.01	151758
337766588	-844086361	267.10	13	125	0.00	0.02	0.10	33.26	83	50	260.60	0.18	0.12	-0.00	1.00	-0.09	7.08	12.02	151857
337766588	-844086361	267.10	13	125	0.00	0.02	0.10	33.26	83	50	260.64	-0.51	0.12	-0.00	1.00	-0.09	7.08	12.03	151958
337766587	-844086363	267.10	13	125	-0.10	-0.12	-0.08	231.96	106	49	260.56	-0.73	0.13	-0.01	0.98	-0.13	7.08	12.08	152058
337766587	-844086364	267.09	13	125	0.07	-0.07	-0.05	313.06	55	49	260.59	-0.25	0.07	0.13	0.93	1.58	6.34	12.19	152158
337766587	-844086365	267.10	13	125	-0.08	-0.00	-0.05	33.26	37	49	260.55	0.30	0.02	0.03	1.06	0.16	6.79	12.31	152257
337766586	-844086365	267.10	13	125	-0.06	-0.05	0.07	33.26	26	49	261.01	0.58	0.09	0.03	1.03	0.54	6.32	12.80	152357
337766586	-844086365	267.10	13	125	-0.06	-0.05	0.07	33.26	26	49	260.38	0.00	0.16	0.10	0.88	1.13	6.07	12.46	152457
337766586	-844086365	267.11	13	125	0.00	0.04	-0.00	33.26	12	49	260.52	0.34	0.11	-0.02	1.11	1.04	5.90	12.77	152557
337766586	-844086365	267.11	13	125	0.00	-0.02	-0.03	33.26	24	49	260.64	-0.45	0.26	-0.04	1.20	-1.06	7.52	12.61	152657
337766586	-844086364	267.11	13	125	0.00	0.04	0.03	33.26	16	49	260.42	-0.03	0.17	-0.00	1.25	-2.13	10.22	11.86	152757
337766586	-844086365	267.11	13	125	0.02	-0.01	-0.17	33.26	57	49	260.55	-0.75	0.11	0.00	1.17	-1.00	9.92	10.21	152857
337766586	-844086365	267.11	13	125	0.02	-0.01	-0.17	33.26	57	49	260.86	1.30	0.21	-0.08	1.26	-0.93	10.41	10.29	152957
337766588	-844086371	267.13	13	125	-0.06	0.05	-0.61	329.91	72	49	260.84	0.35	0.18	-0.10	1.04	-1.03	8.21	10.70	153057
337766589	-844086374	267.19	13	125	0.06	0.08	-1.02	329.91	74	49	260.95	1.37	0.11	-0.10	0.94	-1.94	6.50	10.96	153157
337766588	-844086374	267.29	13	125	0.05	0.19	-1.55	76.23	164	49	261.46	0.71	0.10	-0.00	0.96	-4.03	6.04	9.77	153257
337766589	-844086375	267.41	13	125	-0.12	-0.27	-0.76	246.80	211	49	261.41	1.39	0.16	-0.05	0.90	-2.35	5.52	9.82	153357
337766589	-844086375	267.41	13	125	-0.12	-0.27	-0.76	246.80	211	49	261.60	1.34	0.04	-0.09	0.94	-2.05	4.11	10.10	153457
337766588	-844086377	267.56	13	125	-0.09	-0.14	-1.23	237.21	187	49	261.33	1.05	0.05	-0.04	0.92	-1.82	1.31	9.55	153557
337766587	-844086378	267.72	13	125	-0.06	-0.12	-1.11	243.93	110	49	261.46	0.75	0.00	0.03	0.91	-1.73	1.19	8.44	153657
337766587	-844086382	267.88	13	125	-0.08	-0.35	-0.85	257.73	126	49	261.91	0.52	0.03	0.04	0.89	-0.45	0.71	8.16	153757
337766586	-844086385	268.02	13	125	-0.00	-0.22	-1.09	269.13	159	49	261.59	0.55	-0.00	0.10	0.83	0.37	-0.88	7.97	153858
337766586	-844086385	268.02	13	125	-0.00	-0.22	-1.09	269.13	159	49	261.78	-0.03	-0.03	0.13	0.87	3.41	-1.02	9.10	153958
337766585	-844086389	268.15	13	125	-0.08	-0.33	-0.61	256.28	163	50	261.74	1.49	-0.04	0.17	0.86	7.21	-1.97	11.78	154058
337766582	-844086388	268.29	13	125	-0.05	-0.16	-0.60	252.99	166	49	261.43	-0.02	-0.10	0.15	0.87	9.95	-4.10	14.13	154158
337766579	-844086387	268.39	13	125	-0.24	-0.06	-0.22	193.19	83	49	261.86	0.45	-0.11	0.18	0.88	10.70	-6.70	15.51	154258
337766577	-844086387	268.47	13	125	-0.04	-0.12	-0.56	250.26	134	49	262.00	-0.06	-0.11	0.19	0.91	12.11	-7.06	16.97	154358
337766577	-844086387	268.47	13	125	-0.04	-0.12	-0.56	250.26	134	49	262.00	0.40	-0.10	0.21	0.93	12.72	-6.71	18.34	154458
337766575	-844086387	268.52	13	125	-0.16	0.04	-0.09	164.35	51	49	261.65	-0.24	-0.12	0.16	0.91	11.23	-7.51	17.90	154558
337766574	-844086386	268.55	13	125	-0.08	0.04	-0.10	236.56	28	49	261.79	-0.20	-0.12	0.16	1.00	10.86	-7.50	17.91	154658
337766574	-844086384	268.56	13	125	-0.08	0.06	-0.09	143.12	25	49	261.93	0.27	-0.09	0.16	1.00	10.39	-6.43	17.38	154758
337766573	-844086384	268.56	13	125	-0.06	0.05	0.06	236.56	26	49	262.05	0.55	-0.12	0.13	0.98	9.63	-6.17	17.14	154858
337766573	-844086384	268.56	13	125	-0.06	0.05	0.06	236.56	26	49	262.09	-0.00	-0.13	0.13	0.97	8.74	-6.54	16.74	154958
337766572	-844086386	268.54	13	125	-0.05	0.06	-0.01	236.56	9	46	262.09	0.16	-0.13	0.14	1.01	8.41	-6.84	16.61	155058
337766571	-844086386	268.52	13	125	-0.07	0.02	0.04	236.56	17	46	261.87	0.34	-0.11	0.15	1.01	8.32	-7.02	15.90	155158
337766571	-844086386	268.51	13	125	-0.02	0.01	0.02	236.56	26	46	262.05	-0.32	-0.11	0.15	1.02	8.46	-6.80	15.28	155258
337766571	-844086385	268.50	13	125	-0.01	0.01	0.04	236.56	19	46	261.91	-1.01	-0.11	0.12	0.98	8.13	-6.64	14.98	155358
337766571	-844086385	268.50	13	125	-0.01	0.01	0.04	236.56	19	46	261.68	-0.72	-0.14	0.12	0.97	7.37	-6.94	14.92	155458
337766571	-844086385	268.49	13	125	-0.00	0.02	0.03	236.56	11	46	261.74	0.40	-0.14	0.13	0.99	7.40	-7.47	14.78	155558
337766571	-844086385	268.48	13	125	-0.03	0.03	-0.03	236.56	12	46	262.19	0.79	-0.16	0.13	0.98	7.19	-8.13	14.41	155658
337766571	-844086385	268.47	13	125	-0.00	-0.00	0.05	236.56	30	46	261.70	-0.20	-0.16	0.14	0.95	8.00	-8.84	14.44	155758
337766571	-844086384	268.46	13	125	-0.01	0.01	-0.00	236.56	9	47	262.10	0.90	-0.19	0.14	0.93	8.37	-9.78	14.36	155858
337766571	-844086384	268.46	13	125	-0.01	0.01	-0.00	236.56	9	47	261.47	-1.14	-0.26	0.10	0.80	8.82	-11.34	14.03	155958
337766569	-844086386	268.48	13	125	0.00	0.02	0.00	236.56	15	47	261.71	-0.77	-0.23	0.16	0.79	10.27	-13.28	13.44	156058
337766569	-844086386	268.48	13	125	0.03	0.05	0.11	236.56	36	47	261.73	-0.79	-0.19	0.18	0.72	11.76	-14.93	11.80	156158
337766570	-844086385	268.48	13	125	0.15	0.09	0.24	30.07	22	47	261.99	0.38	-0.14	0.15	0.70	11.40	-15.43	9.77	156258
337766572	-844086382	268.44	13	125	0.12	0.15	0.66	51.01	92	47	261.79	-0.28	-0.20	0.12	0.71	11.70	-14.87	7.98	156358
337766572	-844086382	268.44	13	125	0.12	0.15	0.66	51.01	92	47	261.54	0.23	-0.12	0.08	0.83	7.72	-13.28	5.95	156458
337766574	-844086381	268.39	13	125	0.23	0.01	0.49	2.61	155	47	261.53	-1.09	-0.10	0.10	0.87	7.83	-11.62	6.22	156558
337766575	-844086379	268.29	13	125	0.14	0.17	1.20	49.16	162	47	260.96	-0.82	-0.12	0.10	0.87	5.82	-10.53	7.12	156658
337766575	-844086376	268.15	13	125	0.06	0.12	1.65	64.67	127	47	261.58	-1.60	-0.06	-0.03	0.99	0.09	-9.25	9.83	156758
337766577	-844086375	267.98	13	125	0.14	0.06	1.05	23.51	124	47	261.27	-1.73	-0.03	-0.13	1.26	-4.29	-3.71	13.81	156859
337766577	-844086375	267.98	13	125	0.14	0.06	1.05	23.51	124	47	260.96	-1.54	-0.02	-0.19	1.31	-4.93	1.42	16.49	156959
337766578	-844086373	267.77	13	125	0.11	0.22	1.79	64.68	141	47	260.69	-1.27	-0.04	-0.20	1.27	-6.45	2.06	17.59	157058
337766576	-844086371	267.60	13	125	-0.27	-0.02	1.28	183.38	142	48	260.62	-0.90	0.04	-0.11	1.17	-7.24	3.68	19.05	157159
337766575	-844086373	267.42	13	125	0.15	-0.04	1.00	344.12	142	47	260.70	-1.14	0.09	-0.06	1.23	-5.52	5.79	17.17	157258
337766575	-844086377	267.29	13	125	0.02	-0.22	0.55	274.75	88	47	260.40	-1.31	0.05	-0.03	1.15	-4.60	5.95	16.18	157359
337766577	-844086379	267.20	13	125	0.10	-0.14	0.39	306.84	84	47	260.60	-0.32	0.07	-0.05	0.94	-3.61	3.18	16.54	157458
337766577	-844086379	267.20	13	125	0.10	-0.14	0.39	306.84	84	47	260.96	-0.16	0.09	-0.03	0.93	-2.44	2.90	16.33	157558
337766577	-844086379	267.15	13	125	-0.04	-0.01	-0.06	236.56	72	47	260.38	0.36	0.07	-0.05	1.02	-1.53	2.70	15.64	157658
337766578	-844086379	267.14	13	125	0.05	-0.03	0.03	236.56	18	47	260.66	-0.23	0.02	-0.04	1.02	-1.40	2.39	14.87	157758
337766578	-844086379	267.14	13	125	0.00	-0.00	0.01	236.56	19	47	260.76	-0.02	0.03	-0.04	1.01	-1.68	1.88	14.30	157858
337766578	-844086379	267.14	13	125	0.00	-0.00	0.01	236.56	19	47	260.76	-0.50	0.03	-0.04	1.00	-1.75	1.88	13.73	157958
337766581	-844086389	267.13	13	125	-0.00	0.01	-0.04	284.36	30	47	260.91	0.53	0.03	-0.05	1.00	-2.03	1.78	13.18	158058
337766581	-844086393	267.14	13	125	0.00	-0.03	0.04	285.59	26	47	260.67	-0.47	0.03	-0.04	1.00	-2.37	1.85	12.62	158158
337766581	-844086393	267.14	13	125	0.00	0.02	-0.04	285.59	16	47	261.07	-0.16	0.03	-0.05	1.01	-2.67	1.77	12.05	158258
337766581	-844086392	267.16	13	125	0.00	0.00	-0.02	285.59	18	47	260.85	0.20	0.03	-0.06	1.00	-3.00	1.80	11.40	158358
337766581	-844086392	267.16	13	125	0.00	0.00	-0.02	285.59	18	47	260.59	-0.26	0.03	-0.06	1.00	-3.19	2.10	10.92	158458
337766581	-844086392	267.17	13	125	0.00	-0.02	0.02	285.59	26	47	260.73	0.18	0.03	-0.06	1.00	-3.10	1.77	10.56	158558
337766581	-844086391	267.18	13	125	0.01	0.02	0.02	285.59	22	47	260.21	-0.19	0.04	-0.06	1.00	-3.34	2.06	10.37	158658
337766581	-844086391	267.19	13	125	0.00	-0.02	-0.01	285.59	13	47	260.39	-0.23	0.03	-0.06	1.01	-3.32	1.81	10.26	158758
337766581	-844086391	267.20	13	125	-0.00	0.02	0.01	285.59	17	47	260.69	-0.25	0.03	-0.06	1.01	-3.38	1.75	10.32	158858
337766581	-844086391	267.20	13	125	-0.00	0.02	0.01	285.59	17	47	260.83	-0.35	0.03	-0.06	1.01	-3.26	1.76	10.30	158958
337766583	-844086403	267.18	13	125	0.02	-0.00	-0.05	287.92	25	46	260.92	0.18	0.03	-0.06	1.00	-3.28	1.65	10.34	159058
337766584	-844086407	267.17	13	125	-0.02	-0.00	0.02	285.66	19	46	260.05	-0.07	0.03	-0.06	1.00	-3.32	1.74	10.28	159158
337766584	-844086407	267.15	13	125	0.02	0.01	0.01	285.66	10	46	260.63	0.09	0.03	-0.06	1.00	-3.42	1.89	10.25	159258
337766583	-844086407	267.15	13	125	-0.00	-0.01	-0.04	285.66	17	46	260.55	-0.56	0.04	-0.06	1.01	-3.39	1.68	10.25	159359
337766583	-844086407	267.15	13	125	-0.00	-0.01	-0.04	285.66	17	46	260.35	-0.51	0.03	-0.06	1.01	-3.28	1.87	10.26	159458
337766584	-844086406	267.14	13	125	0.02	0.03	0.02	285.66	20	46	260.47	-0.34	0.04	-0.06	1.01	-3.27	1.94	10.23	159558
337766584	-844086406	267.14	13	125	-0.01	-0.03	0.01	285.66	11	46	260.53	0.68	0.03	-0.05	1.01	-3.11	1.87	10.39	159658
337766584	-844086406	267.14	13	125	0.02	0.02	-0.02	285.66	11	46	260.85	-0.10	0.04	-0.05	1.02	-2.99	1.89	10.42	159758
337766584	-844086406	267.14	13	125	-0.00	0.00	0.05	285.66	16	46	260.61	0.44	0.01	-0.04	1.07	-3.05	2.23	10.34	159858
337766584	-844086406	267.14	13	125	-0.00	0.00	0.05	285.66	16	46	260.84	-0.22	0.10	-0.12	1.34	-4.24	3.63	10.43	159958
337766585	-844086416	267.12	13	125	0.02	0.02	-0.02	285.60	13	46	260.70	-0.17	0.26	-0.18	1.51	-9.00	8.86	8.52	160058
337766586	-844086419	267.10	13	125	0.00	0.01	-0.02	284.10	21	46	260.50	-0.47	0.27	-0.13	1.43	-8.57	12.03	3.62	160158
337766587	-844086419	267.10	13	125	0.12	0.10	-0.29	39.32	77	46	261.07	0.24	0.37	-0.33	1.39	-8.51	12.22	359.71	160258
337766589	-844086417	267.15	13	125	0.16	0.29	-1.03	61.61	118	46	261.14	1.00	0.25	-0.33	1.25	-9.53	9.25	357.25	160359
337766589	-844086417	267.15	13	125	0.16	0.29	-1.03	61.61	118	46	260.99	1.07	0.12	-0.10	0.91	-6.04	5.68	355.92	160459
337766590	-844086415	267.26	13	125	0.10	0.16	-1.51	57.27	184	46	261.12	1.60	0.10	-0.14	0.87	-4.79	3.92	356.28	160559
337766591	-844086414	267.45	13	125	0.02	0.14	-2.36	83.26	253	47	261.93	3.17	0.08	-0.02	0.67	-5.21	2.90	357.18	160659
337766592	-844086414	267.69	13	125	-0.12	-0.11	-2.11	221.99	162	53	261.62	2.63	0.12	0.00	0.65	-1.84	1.41	359.01	160759
337766591	-844086414	267.93	13	125	-0.00	0.06	-1.71	284.10	164	53	261.93	1.86	0.04	-0.01	0.67	0.60	-0.76	0.76	160859
337766591	-844086414	267.93	13	125	-0.00	0.06	-1.71	284.10	164	53	262.09	1.08	-0.06	0.04	0.62	3.37	-3.05	4.07	160959
337766588	-844086413	268.33	13	125	-0.08	-0.04	-1.67	284.10	114	58	261.94	0.62	-0.13	0.06	0.69	5.09	-5.73	7.77	161059
337766587	-844086415	268.45	13	125	-0.16	-0.10	-0.74	213.07	97	54	262.17	0.39	-0.15	0.15	0.88	6.90	-6.90	10.45	161159
337766584	-844086415	268.55	13	125	-0.13	-0.10	-0.72	219.42	155	51	261.88	0.52	-0.21	0.20	0.90	8.72	-7.75	11.91	161259
337766583	-844086417	268.58	13	125	-0.18	-0.14	-0.05	217.45	51	49	261.97	-0.12	-0.18	0.22	0.93	9.71	-9.66	12.59	161359
337766583	-844086418	268.60	13	125	0.07	-0.10	-0.41	304.61	86	48	261.88	0.37	-0.17	0.24	0.92	10.36	-10.24	12.63	161459
337766583	-844086418	268.60	13	125	0.07	-0.10	-0.41	304.61	86	48	261.96	-0.26	-0.16	0.20	0.99	10.16	-9.97	12.59	161559
337766584	-844086418	268.61	13	125	0.03	0.04	0.02	284.10	36	47	262.24	-0.22	-0.14	0.15	0.96	9.54	-9.76	13.08	161659
337766584	-844086416	268.60	13	125	0.03	0.08	0.05	284.10	24	47	262.23	0.73	-0.15	0.15	0.96	8.72	-9.74	14.26	161759
337766584	-844086415	268.60	13	125	0.00	0.12	-0.03	87.74	9	47	262.09	-0.06	-0.15	0.13	1.00	8.24	-9.52	14.44	161859
337766584	-844086415	268.60	13	125	0.00	0.12	-0.03	87.74	9	47	262.21	1.00	-0.16	0.10	0.97	7.54	-9.96	14.87	161959
337766583	-844086411	268.60	13	125	0.01	0.10	0.00	214.56	11	46	262.13	0.42	-0.19	0.10	0.99	6.42	-10.04	14.99	162059
337766583	-844086409	268.60	13	125	0.00	0.08	0.01	214.56	16	46	262.39	0.77	-0.21	0.14	0.95	6.59	-10.49	14.71	162159
337766583	-844086408	268.59	13	125	-0.01	0.05	0.01	214.56	11	46	262.14	-0.82	-0.19	0.13	0.91	7.06	-11.36	14.58	162259
337766583	-844086408	268.59	13	125	0.05	0.02	0.02	214.56	15	46	261.88	-1.04	-0.21	0.07	0.91	6.82	-11.83	14.58	162359
337766583	-844086408	268.59	13	125	0.05	0.02	0.02	214.56	15	46	261.96	-0.87	-0.12	0.03	0.99	6.35	-11.73	14.26	162459
337766583	-844086407	268.58	13	125	0.02	0.10	0.10	76.65	24	46	262.01	0.24	-0.13	0.08	0.98	6.82	-10.08	12.93	162559
337766584	-844086406	268.57	13	125	0.09	0.07	0.13	37.90	32	46	262.37	0.81	-0.14	0.17	0.93	6.61	-8.86	10.19	162659
337766586	-844086406	268.55	13	125	0.18	-0.04	0.13	348.62	44	46	262.08	0.41	-0.10	0.13	0.90	6.96	-8.21	8.25	162759
337766587	-844086407	268.53	13	125	0.09	-0.08	0.12	317.25	29	46	261.89	-0.04	-0.13	0.14	0.92	6.98	-8.22	6.81	162859
337766587	-844086407	268.53	13	125	0.09	-0.08	0.12	317.25	29	46	261.91	-0.18	-0.17	0.14	0.89	6.23	-7.92	5.66	162960
337766586	-844086407	268.49	13	125	-0.08	-0.00	0.66	214.56	101	46	261.82	-1.00	-0.16	0.11	0.89	6.11	-8.91	5.50	163060
337766586	-844086406	268.45	13	125	0.20	0.06	0.23	15.58	87	45	261.77	-0.82	-0.14	0.08	0.89	5.66	-10.14	5.64	163160
337766586	-844086406	268.39	13	125	-0.09	-0.05	0.57	214.56	114	45	261.93	-0.91	-0.15	0.12	0.92	6.28	-10.19	6.10	163259
337766587	-844086404	268.33	13	125	0.05	0.23	0.65	78.29	137	45	261.87	-0.07	-0.16	0.15	0.90	6.76	-9.88	6.61	163360
337766587	-844086404	268.33	13	125	0.05	0.23	0.65	78.29	137	45	261.34	-1.19	-0.19	0.14	0.94	7.92	-9.36	7.74	163459
337766588	-844086403	268.25	13	125	-0.00	-0.09	0.79	214.56	179	46	261.61	-0.17	-0.13	0.12	0.98	7.52	-8.13	8.97	163560
337766589	-844086404	268.15	13	125	0.10	0.07	0.85	37.06	161	46	261.55	-1.30	-0.07	0.15	1.04	7.54	-5.67	9.94	163659
337766590	-844086404	268.05	13	125	0.11	-0.07	0.66	327.72	105	46	261.54	-0.76	-0.08	0.09	1.06	5.26	-4.52	10.58	163759
337766591	-844086403	267.92	13	125	0.04	0.02	1.10	214.56	131	46	261.47	-0.44	-0.07	0.03	1.01	2.02	-3.94	11.63	163859
337766591	-844086403	267.92	13	125	0.04	0.02	1.10	214.56	131	46	260.80	-0.85	-0.07	0.01	1.04	-0.17	-2.83	12.09	163959
337766591	-844086403	267.80	13	125	-0.09	-0.12	0.83	233.50	160	46	261.00	-1.14	0.01	0.03	1.08	0.50	-0.76	11.85	164059
337766591	-844086402	267.70	13	125	0.07	-0.04	0.98	214.56	79	45	260.94	-1.30	0.03	0.05	1.07	1.51	0.43	11.90	164159
337766592	-844086402	267.59	13	125	0.03	-0.14	0.96	281.60	101	45	261.44	-0.61	-0.00	0.00	1.12	0.98	0.35	12.42	164259
337766592	-844086403	267.49	13	125	0.02	-0.16	0.58	275.77	116	45	261.03	-0.03	-0.02	0.02	1.06	-0.36	-0.00	13.09	164359
337766592	-844086403	267.49	13	125	0.02	-0.16	0.58	275.77	116	45	260.54	-0.97	0.03	-0.00	1.01	-0.76	0.03	13.67	164459
337766592	-844086404	267.42	13	125	-0.05	0.11	0.36	115.33	159	45	261.39	0.14	0.04	-0.03	1.02	-0.84	1.93	14.48	164559
337766592	-844086405	267.35	13	125	0.06	-0.14	0.42	293.12	165	45	261.18	-0.95	0.07	-0.06	0.99	-1.39	3.42	15.76	164659
337766593	-844086405	267.29	13	125	0.10	0.03	0.39	18.82	101	45	260.59	-1.01	0.10	-0.09	1.05	-1.89	5.62	16.72	164759
337766593	-844086405	267.29	13	125	0.10	0.03	0.39	18.82	101	45	260.75	-0.47	0.17	-0.07	1.10	-2.36	8.56	17.01	164859
337766591	-844086405	267.23	13	125	-0.16	-0.01	0.61	183.92	97	45	260.66	-0.25	0.20	-0.03	1.08	-2.02	11.01	16.84	164959
337766591	-844086404	267.18	13	125	0.01	0.10	0.65	82.42	144	45	260.64	0.21	0.22	-0.03	1.06	-1.89	11.51	16.06	165059
337766591	-844086406	267.14	13	125	0.09	-0.10	0.24	314.48	99	43	260.63	0.28	0.16	-0.01	1.18	-1.44	11.46	15.59	165159
337766591	-844086406	267.11	13	125	0.02	0.03	0.33	214.56	113	43	260.71	-0.29	0.14	-0.03	1.01	-1.66	8.76	15.94	165259
337766591	-844086407	267.09	13	125	-0.08	-0.04	0.14	214.56	57	43	260.41	-0.37	0.20	-0.03	1.04	-0.86	7.98	14.83	165359
337766591	-844086407	267.09	13	125	-0.08	-0.04	0.14	214.56	57	43	260.65	-0.57	0.20	-0.04	1.15	-1.01	9.08	13.72	165459
337766591	-844086407	267.08	13	125	0.06	0.02	-0.05	214.56	32	43	260.63	0.98	0.13	-0.04	1.15	-1.57	9.42	12.52	165559
337766591	-844086407	267.08	13	125	0.00	-0.00	-0.02	214.56	21	43	260.70	-0.50	0.16	-0.01	1.15	-0.97	8.86	10.77	165659
337766591	-844086407	267.09	13	125	0.02	-0.01	-0.28	214.56	47	45	260.68	0.05	0.23	-0.00	1.18	-0.58	9.82	8.37	165759
337766591	-844086407	267.09	13	125	0.02	-0.01	-0.28	214.56	47	45	260.99	-0.75	0.24	-0.05	1.24	-2.60	10.63	6.39	165859
337766591	-844086407	267.13	13	125	0.10	0.04	-0.54	24.14	52	45	261.15	1.00	0.18	-0.11	1.17	-5.29	8.97	4.76	165959
337766593	-844086407	267.19	13	125	0.08	0.05	-0.50	214.56	106	45	260.99	1.07	0.20	-0.14	1.03	-4.93	7.49	2.42	166059
337766594	-844086406	267.28	13	125	-0.01	0.06	-0.95	214.56	85	43	260.81	1.61	0.14	-0.11	1.01	-3.75	6.76	0.34	166159
337766594	-844086407	267.38	13	125	0.02	0.04	-0.82	214.56	67	44	261.18	1.26	0.14	-0.02	0.96	-0.63	7.19	358.69	166259
337766595	-844086408	267.52	13	125	-0.01	-0.10	-1.41	214.56	142	44	261.52	1.20	0.14	0.00	0.85	0.32	8.15	358.17	166359
337766595	-844086408	267.52	13	125	-0.01	-0.10	-1.41	214.56	142	44	261.40	1.18	0.18	0.00	0.88	-1.73	6.60	358.13	166460
337766594	-844086410	267.68	13	125	-0.00	-0.13	-1.29	266.83	94	44	261.67	2.56	0.10	-0.00	0.87	-1.66	4.92	358.80	166560
337766594	-844086412	267.84	13	125	-0.00	-0.18	-1.12	268.96	114	44	261.57	1.31	0.00	0.04	0.96	-2.12	3.79	359.51	166659
337766593	-844086414	268.01	13	125	-0.09	-0.13	-0.93	237.06	148	44	262.46	1.08	0.06	0.03	0.93	-1.59	3.74	0.33	166760
337766593	-844086414	268.01	13	125	-0.09	-0.13	-0.93	237.06	148	44	262.07	0.64	0.05	0.05	0.95	-0.38	3.59	3.08	166859
337766591	-844086415	268.13	13	125	-0.16	-0.19	-0.63	229.08	110	44	261.56	0.19	0.04	0.04	0.89	0.67	1.22	6.19	166960
337766591	-844086415	268.13	13	125	-0.16	-0.19	-0.63	229.08	110	44	261.85	0.67	0.00	0.08	0.92	1.15	-0.92	8.32	167060
337766589	-844086412	268.36	13	125	-0.06	-0.03	-0.76	214.56	157	48	261.82	1.07	-0.03	0.10	0.92	3.42	-1.16	10.63	167160
337766588	-844086412	268.45	13	125	-0.09	-0.04	-0.71	214.56	126	46	261.65	0.26	-0.08	0.09	0.93	4.28	-1.49	12.86	167259
337766587	-844086411	268.53	13	125	-0.13	0.09	-0.35	145.14	80	44	261.94	0.40	-0.09	0.08	0.92	4.99	-4.17	14.77	167359
337766587	-844086411	268.53	13	125	-0.13	0.09	-0.35	145.14	80	44	261.97	-0.06	-0.09	0.09	0.90	5.33	-6.31	15.24	167459
337766587	-844086411	268.59	13	125	-0.05	-0.00	-0.51	214.56	88	44	261.84	1.00	-0.08	0.11	1.00	6.47	-6.36	15.16	167559
337766585	-844086408	268.64	13	125	-0.09	0.14	-0.27	121.19	69	44	262.29	0.19	-0.09	0.10	0.97	6.69	-6.16	15.06	167659
337766585	-844086407	268.66	13	125	-0.04	0.08	-0.03	214.56	25	44	262.24	0.16	-0.11	0.08	0.97	5.92	-6.60	14.30	167759
337766585	-844086405	268.66	13	125	-0.02	0.12	-0.06	100.47	24	44	261.94	-0.94	-0.13	0.08	0.88	5.59	-7.89	14.09	167859
337766585	-844086405	268.66	13	125	-0.02	0.12	-0.06	100.47	24	44	262.22	0.90	-0.15	0.10	0.93	5.71	-9.00	13.26	167959
337766584	-844086404	268.66	13	125	-0.06	0.10	-0.03	119.48	19	44	261.94	0.49	-0.12	0.10	0.96	6.70	-8.78	12.89	168059
337766584	-844086403	268.66	13	125	0.02	0.08	0.02	214.56	22	44	261.74	0.14	-0.12	0.09	0.95	7.38	-7.41	12.96	168159
337766584	-844086401	268.65	13	125	0.06	0.10	0.12	59.43	33	44	262.16	0.21	-0.05	0.05	0.96	6.48	-6.25	11.35	168259
337766585	-844086400	268.64	13	125	0.11	0.07	0.05	32.25	24	44	262.34	0.24	-0.09	0.12	0.98	7.56	-4.18	11.02	168359
337766585	-844086400	268.64	13	125	0.11	0.07	0.05	32.25	24	44	262.20	0.01	-0.12	0.19	0.85	8.92	-5.20	10.90	168459
337766585	-844086400	268.60	13	125	0.05	0.05	0.30	214.56	42	44	261.91	-0.15	-0.14	0.16	0.70	10.27	-8.63	9.91	168559
337766586	-844086398	268.56	13	125	0.03	0.06	0.43	214.56	103	44	262.00	-0.13	-0.16	0.11	0.49	9.95	-12.03	8.33	168659
337766587	-844086397	268.51	13	125	0.09	0.12	0.32	52.37	140	45	262.09	-0.13	-0.04	0.12	0.64	13.30	-11.96	7.65	168759
337766587	-844086395	268.43	13	125	0.02	0.17	0.96	82.49	118	45	261.47	-1.18	-0.02	0.13	0.59	15.38	-8.10	5.91	168859
337766587	-844086395	268.43	13	125	0.02	0.17	0.96	82.49	118	45	261.60	-2.05	-0.02	0.00	0.73	7.70	-8.01	4.52	168959
337766589	-844086392	268.32	13	125	0.33	0.12	1.50	20.02	157	45	261.52	-1.65	0.08	-0.08	0.90	2.00	-5.84	7.69	169059
337766588	-844086388	268.14	13	125	-0.01	0.07	1.96	117.81	202	45	261.11	-1.79	-0.11	-0.09	1.46	0.10	-4.45	10.14	169159
337766588	-844086386	267.92	13	125	0.09	0.19	2.28	64.06	211	45	261.19	-2.02	-0.05	-0.10	1.40	-5.47	-2.06	16.59	169259
337766587	-844086387	267.65	13	125	-0.06	-0.28	1.91	256.87	141	47	260.64	-1.94	0.16	-0.17	1.74	-6.00	1.60	19.82	169359
337766587	-844086387	267.65	13	125	-0.06	-0.28	1.91	256.87	141	47	260.52	-1.95	0.12	-0.01	1.38	-5.68	4.62	22.45	169459
337766588	-844086390	267.41	13	125	0.18	0.02	1.46	5.34	146	44	260.75	-0.38	-0.07	0.10	0.89	-1.64	5.35	23.40	169559
337766588	-844086393	267.21	13	125	-0.06	-0.10	0.75	241.60	103	44	260.75	-0.44	0.21	-0.09	1.08	-1.45	2.87	24.22	169659
337766588	-844086396	267.09	13	125	-0.11	0.01	0.10	174.93	95	44	261.11	0.07	0.10	0.03	1.03	0.24	3.81	23.64	169759
337766589	-844086397	267.02	13	125	0.08	0.01	0.03	109.77	34	44	260.74	-0.27	0.08	0.01	1.00	0.64	4.10	23.03	169859
337766589	-844086397	267.02	13	125	0.08	0.01	0.03	109.77	34	44	260.94	-0.04	0.08	0.00	1.00	0.89	4.11	22.38	169960
337766589	-844086397	266.98	13	125	-0.03	-0.02	0.02	109.77	39	44	260.64	-0.28	0.07	0.01	1.00	1.10	4.13	21.72	170060
337766591	-844086401	266.97	13	125	0.06	0.01	0.03	25.02	56	44	260.97	0.39	0.07	0.01	1.00	1.28	4.15	21.04	170160
337766592	-844086402	266.96	13	125	-0.04	-0.08	-0.13	25.02	97	44	260.99	0.15	0.07	0.00	1.00	1.42	4.17	20.36	170260
337766591	-844086402	266.98	13	125	-0.11	0.03	0.17	162.41	95	44	260.59	0.42	0.08	0.01	1.00	1.52	4.18	19.66	170360
337766591	-844086402	266.98	13	125	-0.11	0.03	0.17	162.41	95	44	260.64	-0.23	0.07	0.01	1.00	1.58	4.20	18.97	170460
337766591	-844086402	267.00	13	125	-0.02	-0.01	-0.06	25.02	54	44	260.10	-0.26	0.07	0.01	1.00	1.61	4.21	18.26	170560
337766591	-844086402	267.02	13	125	0.01	-0.06	0.04	25.02	44	44	260.66	-0.11	0.08	0.01	1.00	1.61	4.24	17.55	170660
337766591	-844086402	267.04	13	125	-0.06	0.02	-0.02	25.02	23	44	260.94	0.27	0.07	0.00	1.00	1.55	4.26	16.85	170760
337766590	-844086402	267.06	13	125	-0.01	-0.04	0.00	25.02	32	44	260.88	-0.22	0.08	0.00	1.01	1.48	4.27	16.14	170860
337766590	-844086402	267.06	13	125	-0.01	-0.04	0.00	25.02	32	44	260.56	0.56	0.07	0.01	1.00	1.37	4.29	15.43	170960
337766589	-844086402	267.07	13	125	-0.03	-0.00	-0.02	25.02	36	44	261.34	0.48	0.07	0.01	1.01	1.25	4.28	14.73	171060
337766589	-844086401	267.08	13	125	0.00	-0.04	0.10	25.02	52	44	260.61	-0.05	0.08	0.01	1.00	1.10	4.30	14.03	171160
337766589	-844086401	267.08	13	125	0.00	-0.02	-0.02	25.02	49	44	261.05	0.07	0.07	0.01	1.00	0.93	4.29	13.34	171260
337766589	-844086401	267.09	13	125	-0.02	0.00	0.03	25.02	53	44	260.52	-0.70	0.08	0.01	1.00	0.81	4.30	12.66	171360
337766589	-844086401	267.09	13	125	-0.02	0.00	0.03	25.02	53	44	260.84	-0.22	0.07	0.01	1.00	0.65	4.28	12.13	171460
337766589	-844086401	267.09	13	125	0.02	0.04	-0.10	25.02	45	44	260.66	0.08	0.08	0.01	1.00	0.65	4.27	12.00	171560
337766589	-844086401	267.10	13	125	0.02	-0.00	-0.03	25.02	40	43	260.70	0.57	0.08	0.00	1.01	0.53	4.29	11.98	171660
337766589	-844086401	267.10	13	125	0.00	0.00	0.05	25.02	25	44	261.15	0.25	0.08	0.01	1.00	0.60	4.26	12.02	171760
337766589	-844086401	267.10	13	125	0.00	-0.02	-0.02	25.02	18	44	260.79	-0.32	0.08	0.00	1.00	0.67	4.30	12.01	171860
337766589	-844086401	267.10	13	125	0.00	-0.02	-0.02	25.02	18	44	260.44	-0.18	0.08	0.01	1.00	0.67	4.24	11.96	171960
337766590	-844086400	267.09	13	125	0.00	0.01	-0.04	25.02	30	43	260.78	-0.14	0.08	0.01	1.00	0.61	4.29	12.02	172060
337766589	-844086400	267.10	13	125	-0.02	-0.00	-0.02	25.02	21	43	260.94	-0.22	0.08	0.01	1.01	0.63	4.33	12.02	172160
337766589	-844086400	267.10	13	125	0.04	0.01	0.03	25.02	20	43	260.67	-0.98	0.07	0.01	1.00	0.61	4.34	12.02	172260
337766589	-844086401	267.10	13	125	-0.02	-0.02	-0.17	25.02	61	43	260.72	-0.21	0.08	0.01	1.00	0.60	4.32	11.94	172360
337766589	-844086401	267.10	13	125	0.00	-0.00	0.16	25.02	52	43	261.02	0.75	0.08	0.01	1.00	0.65	4.35	12.07	172460
337766589	-844086401	267.10	13	125	0.00	-0.00	0.16	25.02	52	43	260.66	0.66	0.08	0.01	1.00	0.67	4.31	11.98	172560
337766589	-844086401	267.10	13	125	-0.03	-0.01	-0.06	25.02	42	43	261.10	0.11	0.08	0.01	1.00	0.69	4.34	12.03	172660
337766589	-844086401	267.10	13	125	0.04	0.00	-0.00	25.02	22	43	261.03	-0.72	0.08	0.01	1.00	0.67	4.31	12.00	172761
337766589	-844086400	267.10	13	125	0.00	-0.00	-0.03	25.02	58	43	260.72	0.35	0.08	0.01	1.00	0.63	4.31	12.01	172861
337766589	-844086400	267.10	13	125	0.00	-0.00	-0.03	25.02	58	43	261.09	0.49	0.08	0.01	1.00	0.69	4.40	11.96	172961
337766589	-844086400	267.10	13	125	-0.02	0.01	0.03	25.02	45	43	260.98	0.98	0.07	0.01	1.00	0.69	4.32	12.01	173061
337766589	-844086400	267.10	13	125	0.03	0.00	-0.00	25.02	10	43	260.47	-0.40	0.08	0.01	1.00	0.65	4.36	12.02	173161
337766589	-844086400	267.11	13	125	0.00	-0.00	-0.03	25.02	36	43	261.00	0.52	0.08	0.01	1.00	0.68	4.34	12.02	173261
337766589	-844086400	267.11	13	125	0.01	-0.01	0.02	25.02	11	43	261.07	0.00	0.08	0.01	1.00	0.67	4.33	12.00	173360
337766589	-844086400	267.11	13	125	0.01	-0.01	0.02	25.02	11	43	260.78	-0.76	0.07	0.01	1.01	0.68	4.35	12.01	173461
337766589	-844086400	267.11	13	125	0.00	0.01	-0.03	25.02	22	43	260.49	-0.96	0.08	0.01	1.01	0.69	4.35	12.02	173560
337766589	-844086400	267.11	13	125	-0.00	-0.00	0.02	25.02	24	43	260.32	-0.01	0.08	0.01	1.00	0.70	4.30	12.00	173660
337766589	-844086400	267.11	13	125	0.00	0.00	0.04	25.02	30	43	260.76	-0.00	0.07	0.00	1.00	0.66	4.40	12.07	173760
337766589	-844086400	267.10	13	125	0.00	-0.03	-0.00	25.02	16	43	261.00	-0.12	0.08	0.01	1.00	0.69	4.31	12.04	173860
337766589	-844086400	267.10	13	125	0.00	-0.03	-0.00	25.02	16	43	260.32	-0.78	0.07	0.01	1.01	0.68	4.36	12.01	173960
337766589	-844086400	267.10	13	125	0.00	0.02	-0.00	25.02	15	43	260.65	-0.21	0.08	0.01	1.01	0.67	4.27	11.99	174060
337766589	-844086399	267.10	13	125	0.00	-0.00	0.01	25.02	20	43	260.91	1.23	0.08	0.01	1.01	0.65	4.34	11.98	174160
337766589	-844086398	267.11	13	125	0.01	-0.00	-0.04	25.02	27	43	260.92	0.84	0.08	0.01	1.00	0.66	4.34	11.99	174260
337766589	-844086399	267.11	13	125	0.00	0.00	0.03	25.02	27	43	260.91	0.76	0.08	0.01	1.00	0.69	4.31	11.98	174360
337766589	-844086399	267.11	13	125	0.00	0.00	0.03	25.02	27	43	260.44	-0.12	0.07	0.01	1.00	0.71	4.32	11.97	174460
337766589	-844086398	267.11	13	125	-0.00	-0.00	-0.02	25.02	17	43	260.27	-0.49	0.07	0.01	1.00	0.69	4.30	12.03	174560
337766589	-844086398	267.11	13	125	0.00	0.00	-0.04	25.02	23	43	260.45	-0.02	0.08	0.01	1.00	0.61	4.30	11.99	174660
337766589	-844086399	267.11	13	125	0.00	-0.02	0.04	25.02	30	43	260.42	-0.63	0.08	0.01	1.01	0.70	4.36	12.00	174760
337766588	-844086399	267.11	13	125	-0.02	-0.01	0.00	25.02	15	43	260.50	-0.37	0.08	0.01	1.01	0.69	4.35	12.05	174860
337766588	-844086399	267.11	13	125	-0.02	-0.01	0.00	25.02	15	43	260.57	-0.22	0.07	0.01	1.01	0.64	4.36	12.05	174960
337766588	-844086399	267.11	13	125	0.02	0.00	0.06	25.02	39	43	260.91	0.55	0.08	0.01	1.00	0.66	4.35	11.97	175060
