5636.30 5636.86 20.1 5.72
5636.30 5636.87 20.1 5.74
5636.30 5636.87 20.1 5.74
5636.32 5636.89 20.4 5.77
5636.32 5636.89 20.4 5.77
5636.32 5636.90 20.0 5.71
5636.32 5636.90 20.0 5.71
5636.32 5636.89 20.0 5.72
5636.32 5636.89 20.0 5.72
5636.33 5636.91 20.0 5.72
5636.33 5636.91 20.0 5.72
5636.34 5636.91 19.6 5.66
5636.34 5636.91 19.6 5.66
5636.33 5636.92 20.3 5.75
5636.33 5636.92 20.3 5.75
5636.31 5636.92 20.0 5.71
5636.31 5636.92 20.0 5.71
5636.30 5636.92 19.8 5.69
5636.30 5636.92 19.8 5.69
5636.30 5636.92 20.0 5.72
5636.30 5636.92 20.0 5.72
5636.30 5636.92 20.2 5.74
5636.30 5636.92 20.2 5.74
5636.27 5636.93 20.4 5.77
5636.27 5636.93 20.4 5.77
5636.27 5636.92 20.2 5.74
5636.27 5636.92 20.2 5.74
5636.29 5636.93 20.1 5.73
5636.29 5636.93 20.1 5.73
5636.30 5636.95 20.4 5.77
5636.30 5636.95 20.4 5.77
5636.30 5636.96 20.1 5.73
5636.30 5636.96 20.1 5.73
5636.29 5636.97 20.2 5.75
5636.29 5636.97 20.2 5.75
5636.32 5636.97 20.2 5.75
5636.32 5636.97 20.2 5.75
5636.31 5636.97 19.9 5.69
5636.31 5636.97 19.9 5.69
5636.30 5636.96 20.5 5.78
5636.30 5636.96 20.5 5.78
5636.30 5636.97 20.3 5.75
5636.30 5636.97 20.3 5.75
5636.29 5636.99 19.9 5.69
5636.29 5636.99 19.9 5.69
5636.28 5636.99 19.8 5.68
5636.28 5636.99 19.8 5.68
5636.29 5637.00 19.9 5.70
5636.29 5637.00 19.9 5.70
5636.30 5637.02 20.4 5.78
5636.30 5637.02 20.4 5.78
5636.30 5637.03 19.8 5.68
5636.30 5637.03 19.8 5.68
5636.31 5637.03 20.7 5.81
5636.31 5637.03 20.7 5.81
5636.32 5637.02 20.5 5.79
5636.32 5637.02 20.5 5.79
5636.32 5637.02 20.2 5.75
5636.32 5637.02 20.2 5.75
5636.32 5637.00 20.2 5.74
5636.32 5637.00 20.2 5.74
5636.30 5636.96 20.2 5.74
5636.30 5636.96 20.2 5.74
5636.29 5636.92 20.1 5.73
5636.29 5636.92 20.1 5.73
5636.31 5636.87 20.3 5.75
5636.31 5636.87 20.3 5.75
5636.30 5636.84 20.5 5.79
5636.30 5636.84 20.5 5.79
5636.28 5636.81 20.3 5.76
5636.28 5636.81 20.3 5.76
5636.29 5636.77 19.9 5.71
5636.29 5636.77 19.9 5.71
5636.28 5636.75 19.4 5.63
5636.28 5636.75 19.4 5.63
5636.28 5636.70 19.8 5.69
5636.28 5636.70 19.8 5.69
5636.27 5636.65 19.7 5.67
5636.27 5636.65 19.7 5.67
5636.26 5636.61 19.9 5.71
5636.26 5636.61 19.9 5.71
5636.26 5636.58 19.9 5.69
5636.26 5636.58 19.9 5.69
5636.23 5636.57 20.1 5.73
5636.23 5636.57 20.1 5.73
5636.22 5636.55 20.0 5.71
5636.22 5636.55 20.0 5.71
5636.22 5636.52 19.5 5.65
5636.22 5636.52 19.5 5.65
5636.22 5636.50 20.4 5.77
5636.22 5636.50 20.4 5.77
5636.20 5636.50 20.1 5.73
5636.20 5636.50 20.1 5.73
5636.21 5636.49 20.1 5.72
5636.21 5636.49 20.1 5.72
5636.21 5636.46 19.7 5.68
5636.21 5636.46 19.7 5.68
5636.20 5636.44 19.6 5.66
5636.20 5636.44 19.6 5.66
5636.18 5636.42 19.5 5.64
5636.18 5636.42 19.5 5.64
5636.17 5636.39 20.5 5.78
5636.17 5636.39 20.5 5.78
5636.12 5636.35 19.8 5.68
5636.12 5636.35 19.8 5.68
5636.10 5636.30 20.0 5.71
5636.10 5636.30 20.0 5.71
5636.10 5636.25 20.5 5.79
5636.10 5636.25 20.5 5.79
5636.05 5636.21 20.4 5.78
5636.05 5636.21 20.4 5.78
5635.99 5636.15 20.2 5.74
5635.99 5636.15 20.2 5.74
5635.94 5636.10 20.5 5.79
5635.94 5636.10 20.5 5.79
5635.90 5636.03 20.6 5.80
5635.90 5636.03 20.6 5.80
5635.82 5635.97 20.7 5.81
5635.82 5635.97 20.7 5.81
5635.76 5635.88 21.3 5.89
5635.76 5635.88 21.3 5.89
5635.71 5635.81 21.1 5.86
5635.71 5635.81 21.1 5.86
5635.66 5635.73 21.0 5.86
5635.66 5635.73 21.0 5.86
5635.61 5635.67 20.9 5.84
5635.61 5635.67 20.9 5.84
5635.54 5635.62 20.7 5.81
5635.54 5635.62 20.7 5.81
5635.51 5635.56 21.2 5.88
5635.51 5635.56 21.2 5.88
5635.46 5635.53 20.7 5.81
5635.46 5635.53 20.7 5.81
5635.43 5635.49 20.2 5.75
5635.43 5635.49 20.2 5.75
5635.38 5635.46 20.7 5.81
5635.38 5635.46 20.7 5.81
5635.35 5635.44 20.7 5.81
5635.35 5635.44 20.7 5.81
5635.34 5635.42 20.1 5.73
5635.34 5635.42 20.1 5.73
5635.34 5635.42 20.6 5.80
5635.34 5635.42 20.6 5.80
5635.34 5635.42 19.9 5.71
5635.34 5635.42 19.9 5.71
5635.37 5635.42 20.3 5.76
5635.37 5635.42 20.3 5.76
5635.40 5635.46 20.3 5.76
5635.40 5635.46 20.3 5.76
5635.42 5635.48 19.5 5.65
5635.42 5635.48 19.5 5.65
5635.44 5635.54 20.5 5.79
5635.44 5635.54 20.5 5.79
5635.47 5635.58 20.3 5.76
5635.47 5635.58 20.3 5.76
5635.52 5635.63 20.1 5.74
5635.52 5635.63 20.1 5.74
5635.57 5635.67 19.9 5.70
5635.57 5635.67 19.9 5.70
5635.62 5635.70 19.6 5.65
5635.62 5635.70 19.6 5.65
5635.67 5635.75 19.7 5.67
5635.67 5635.75 19.7 5.67
5635.69 5635.80 19.5 5.64
5635.69 5635.80 19.5 5.64
5635.72 5635.85 19.5 5.65
5635.72 5635.85 19.5 5.65
5635.75 5635.88 19.4 5.62
5635.75 5635.88 19.4 5.62
5635.79 5635.93 19.2 5.60
5635.79 5635.93 19.2 5.60
5635.84 5635.96 19.8 5.68
5635.84 5635.96 19.8 5.68
5635.87 5635.99 19.8 5.69
5635.87 5635.99 19.8 5.69
5635.89 5636.01 19.7 5.68
5635.89 5636.01 19.7 5.68
5635.92 5636.05 19.7 5.66
5635.92 5636.05 19.7 5.66
5635.93 5636.06 19.4 5.63
5635.93 5636.06 19.4 5.63
5635.94 5636.09 19.5 5.64
5635.94 5636.09 19.5 5.64
5635.96 5636.10 19.7 5.67
5635.96 5636.10 19.7 5.67
5635.98 5636.12 19.9 5.69
5635.98 5636.12 19.9 5.69
5635.99 5636.14 19.8 5.69
5635.99 5636.14 19.8 5.69
5636.00 5636.16 19.8 5.69
5636.00 5636.16 19.8 5.69
5636.00 5636.16 19.3 5.62
5636.00 5636.16 19.3 5.62
5636.00 5636.19 19.4 5.63
5636.00 5636.19 19.4 5.63
5636.01 5636.20 19.1 5.58
5636.01 5636.20 19.1 5.58
5636.01 5636.22 19.4 5.62
5636.01 5636.22 19.4 5.62
5636.02 5636.23 19.8 5.68
5636.02 5636.23 19.8 5.68
5636.03 5636.25 19.7 5.67
5636.03 5636.25 19.7 5.67
5636.04 5636.27 19.8 5.69
5636.04 5636.27 19.8 5.69
5636.03 5636.26 19.5 5.64
5636.03 5636.26 19.5 5.64
5636.03 5636.25 19.5 5.64
5636.03 5636.25 19.5 5.64
5636.05 5636.25 19.6 5.66
5636.05 5636.25 19.6 5.66
5636.04 5636.26 19.4 5.63
5636.04 5636.26 19.4 5.63
5636.04 5636.26 19.7 5.68
5636.04 5636.26 19.7 5.68
5636.04 5636.27 20.3 5.75
5636.04 5636.27 20.3 5.75
5636.04 5636.26 20.0 5.72
5636.04 5636.26 20.0 5.72
5636.04 5636.25 19.9 5.71
5636.04 5636.25 19.9 5.71
5636.05 5636.26 20.0 5.72
5636.05 5636.26 20.0 5.72
5636.05 5636.28 19.5 5.64
5636.05 5636.28 19.5 5.64
5636.05 5636.30 20.1 5.73
5636.05 5636.30 20.1 5.73
5636.05 5636.31 19.5 5.64
5636.05 5636.31 19.5 5.64
5636.04 5636.32 20.2 5.74
5636.04 5636.32 20.2 5.74
5636.04 5636.35 19.8 5.68
5636.04 5636.35 19.8 5.68
5636.05 5636.36 19.9 5.71
5636.05 5636.36 19.9 5.71
5636.03 5636.39 19.8 5.68
5636.03 5636.39 19.8 5.68
5636.04 5636.39 20.0 5.71
5636.04 5636.39 20.0 5.71
5636.03 5636.40 20.1 5.73
5636.03 5636.40 20.1 5.73
5636.04 5636.40 19.7 5.67
5636.04 5636.40 19.7 5.67
5636.04 5636.40 20.2 5.74
5636.04 5636.40 20.2 5.74
5636.03 5636.40 19.4 5.63
5636.03 5636.40 19.4 5.63
5636.04 5636.39 19.8 5.69
5636.04 5636.39 19.8 5.69
5636.05 5636.39 19.5 5.65
5636.05 5636.39 19.5 5.65
5636.05 5636.40 19.7 5.67
5636.05 5636.40 19.7 5.67
5636.04 5636.39 19.8 5.69
5636.04 5636.39 19.8 5.69
5636.04 5636.38 19.2 5.60
5636.04 5636.38 19.2 5.60
5636.05 5636.38 19.7 5.67
5636.05 5636.38 19.7 5.67
5636.05 5636.41 20.5 5.78
5636.05 5636.41 20.5 5.78
5636.07 5636.43 19.7 5.67
5636.07 5636.43 19.7 5.67
5636.08 5636.45 19.8 5.68
5636.08 5636.45 19.8 5.68
5636.12 5636.49 19.5 5.64
5636.12 5636.49 19.5 5.64
5636.13 5636.53 19.4 5.62
5636.13 5636.53 19.4 5.62
5636.15 5636.57 19.7 5.67
5636.15 5636.57 19.7 5.67
5636.16 5636.60 18.7 5.53
5636.16 5636.60 18.7 5.53
5636.16 5636.61 20.2 5.74
5636.16 5636.61 20.2 5.74
5636.14 5636.57 20.1 5.73
5636.14 5636.57 20.1 5.73
5636.10 5636.52 20.2 5.74
5636.10 5636.52 20.2 5.74
5636.06 5636.45 20.9 5.84
5636.06 5636.45 20.9 5.84
5636.01 5636.39 21.1 5.87
5636.01 5636.39 21.1 5.87
5635.95 5636.31 21.2 5.88
5635.95 5636.31 21.2 5.88
5635.91 5636.27 21.4 5.91
5635.91 5636.27 21.4 5.91
5635.87 5636.21 21.2 5.88
5635.87 5636.21 21.2 5.88
5635.84 5636.14 21.1 5.87
5635.84 5636.14 21.1 5.87
5635.81 5636.09 21.1 5.87
5635.81 5636.09 21.1 5.87
5635.79 5636.04 21.3 5.90
5635.79 5636.04 21.3 5.90
5635.76 5636.00 21.7 5.95
5635.76 5636.00 21.7 5.95
5635.73 5635.96 21.7 5.95
5635.73 5635.96 21.7 5.95
5635.70 5635.92 21.7 5.95
5635.70 5635.92 21.7 5.95
5635.68 5635.89 21.7 5.95
5635.68 5635.89 21.7 5.95
5635.65 5635.85 21.8 5.97
5635.65 5635.85 21.8 5.97
5635.66 5635.83 21.4 5.91
5635.66 5635.83 21.4 5.91
5635.64 5635.79 21.8 5.97
5635.64 5635.79 21.8 5.97
5635.60 5635.75 21.7 5.95
5635.60 5635.75 21.7 5.95
5635.60 5635.71 21.3 5.90
5635.60 5635.71 21.3 5.90
5635.60 5635.70 21.8 5.96
5635.60 5635.70 21.8 5.96
5635.58 5635.66 21.5 5.93
5635.58 5635.66 21.5 5.93
5635.58 5635.63 21.8 5.96
5635.58 5635.63 21.8 5.96
5635.58 5635.62 21.6 5.94
5635.58 5635.62 21.6 5.94
5635.57 5635.61 21.5 5.93
5635.57 5635.61 21.5 5.93
5635.58 5635.58 21.6 5.93
5635.58 5635.58 21.6 5.93
5635.57 5635.56 21.5 5.93
5635.57 5635.56 21.5 5.93
5635.55 5635.53 21.5 5.92
5635.55 5635.53 21.5 5.92
5635.53 5635.52 21.5 5.92
5635.53 5635.52 21.5 5.92
5635.51 5635.52 21.5 5.93
5635.51 5635.52 21.5 5.93
5635.49 5635.52 21.4 5.91
5635.49 5635.52 21.4 5.91
5635.48 5635.51 22.0 5.99
5635.48 5635.51 22.0 5.99
5635.47 5635.51 21.4 5.92
5635.47 5635.51 21.4 5.92
5635.46 5635.49 21.4 5.92
5635.46 5635.49 21.4 5.92
5635.45 5635.47 21.7 5.95
5635.45 5635.47 21.7 5.95
5635.45 5635.46 21.3 5.90
5635.45 5635.46 21.3 5.90
5635.44 5635.45 21.5 5.93
5635.44 5635.45 21.5 5.93
5635.44 5635.46 21.8 5.97
5635.44 5635.46 21.8 5.97
5635.44 5635.44 22.0 5.99
5635.44 5635.44 22.0 5.99
5635.43 5635.43 21.6 5.94
5635.43 5635.43 21.6 5.94
5635.44 5635.44 21.9 5.98
5635.44 5635.44 21.9 5.98
5635.43 5635.44 21.5 5.93
5635.43 5635.44 21.5 5.93
5635.43 5635.42 21.6 5.94
5635.43 5635.42 21.6 5.94
5635.44 5635.42 21.8 5.96
5635.44 5635.42 21.8 5.96
5635.44 5635.42 21.7 5.95
5635.44 5635.42 21.7 5.95
5635.43 5635.44 21.5 5.93
5635.43 5635.44 21.5 5.93
5635.43 5635.43 21.5 5.92
5635.43 5635.43 21.5 5.92
5635.42 5635.43 21.5 5.93
5635.42 5635.43 21.5 5.93
5635.42 5635.41 21.7 5.95
5635.42 5635.41 21.7 5.95
5635.42 5635.41 22.0 6.00
5635.42 5635.41 22.0 6.00
5635.42 5635.41 21.2 5.89
5635.42 5635.41 21.2 5.89
5635.40 5635.40 21.6 5.94
5635.40 5635.40 21.6 5.94
5635.41 5635.39 21.5 5.92
5635.41 5635.39 21.5 5.92
5635.41 5635.39 21.7 5.96
5635.41 5635.39 21.7 5.96
5635.39 5635.38 22.3 6.03
5635.39 5635.38 22.3 6.03
5635.39 5635.38 22.0 6.00
5635.39 5635.38 22.0 6.00
5635.39 5635.39 21.6 5.94
5635.39 5635.39 21.6 5.94
5635.40 5635.38 22.2 6.01
5635.40 5635.38 22.2 6.01
5635.39 5635.37 21.8 5.96
5635.39 5635.37 21.8 5.96
5635.37 5635.37 22.0 5.99
5635.37 5635.37 22.0 5.99
5635.37 5635.35 21.8 5.96
5635.37 5635.35 21.8 5.96
5635.37 5635.34 21.8 5.96
5635.37 5635.34 21.8 5.96
5635.36 5635.35 21.6 5.94
5635.36 5635.35 21.6 5.94
5635.36 5635.35 21.7 5.95
5635.36 5635.35 21.7 5.95
5635.35 5635.35 21.5 5.93
5635.35 5635.35 21.5 5.93
5635.35 5635.36 21.4 5.92
5635.35 5635.36 21.4 5.92
5635.35 5635.35 21.6 5.94
5635.35 5635.35 21.6 5.94
5635.34 5635.36 21.9 5.98
5635.34 5635.36 21.9 5.98
5635.33 5635.36 21.7 5.95
5635.33 5635.36 21.7 5.95
5635.33 5635.35 21.9 5.98
5635.33 5635.35 21.9 5.98
5635.33 5635.33 21.9 5.98
5635.33 5635.33 21.9 5.98
5635.33 5635.34 21.4 5.91
5635.33 5635.34 21.4 5.91
5635.31 5635.32 21.5 5.93
5635.31 5635.32 21.5 5.93
5635.33 5635.33 21.8 5.96
5635.33 5635.33 21.8 5.96
5635.31 5635.31 21.7 5.95
5635.31 5635.31 21.7 5.95
5635.30 5635.30 21.8 5.96
5635.30 5635.30 21.8 5.96
5635.30 5635.30 21.4 5.91
5635.30 5635.30 21.4 5.91
5635.29 5635.28 21.7 5.95
5635.29 5635.28 21.7 5.95
5635.27 5635.27 21.7 5.96
5635.27 5635.27 21.7 5.96
5635.28 5635.26 22.0 5.99
5635.28 5635.26 22.0 5.99
5635.28 5635.24 21.4 5.92
5635.28 5635.24 21.4 5.92
5635.28 5635.23 22.2 6.02
5635.28 5635.23 22.2 6.02
5635.29 5635.24 21.9 5.98
5635.29 5635.24 21.9 5.98
5635.28 5635.24 21.9 5.98
5635.28 5635.24 21.9 5.98
5635.26 5635.24 22.0 6.00
5635.26 5635.24 22.0 6.00
5635.29 5635.24 21.4 5.91
5635.29 5635.24 21.4 5.91
5635.32 5635.25 21.8 5.97
5635.32 5635.25 21.8 5.97
5635.34 5635.26 21.6 5.94
5635.34 5635.26 21.6 5.94
5635.35 5635.25 21.0 5.86
5635.35 5635.25 21.0 5.86
5635.35 5635.26 21.1 5.88
5635.35 5635.26 21.1 5.88
5635.36 5635.26 21.6 5.94
5635.36 5635.26 21.6 5.94
5635.32 5635.30 19.6 5.65
5635.32 5635.30 19.6 5.65
5635.31 5635.29 21.7 5.96
5635.31 5635.29 21.7 5.96
5635.27 5635.29 22.0 5.99
5635.27 5635.29 22.0 5.99
5635.24 5635.29 22.2 6.02
5635.24 5635.29 22.2 6.02
5635.19 5635.28 22.1 6.00
5635.19 5635.28 22.1 6.00
5635.15 5635.26 21.4 5.91
5635.15 5635.26 21.4 5.91
5635.14 5635.26 21.4 5.91
5635.14 5635.26 21.4 5.91
5635.12 5635.26 21.7 5.96
5635.12 5635.26 21.7 5.96
5635.12 5635.27 21.8 5.97
5635.12 5635.27 21.8 5.97
5635.12 5635.28 21.4 5.92
5635.12 5635.28 21.4 5.92
5635.09 5635.26 21.5 5.92
5635.09 5635.26 21.5 5.92
5635.07 5635.26 21.2 5.88
5635.07 5635.26 21.2 5.88
5635.08 5635.25 21.4 5.92
5635.08 5635.25 21.4 5.92
5635.07 5635.25 21.3 5.90
5635.07 5635.25 21.3 5.90
5635.07 5635.25 21.4 5.90
5635.07 5635.25 21.4 5.90
5635.15 5635.26 21.8 5.97
5635.15 5635.26 21.8 5.97
5635.13 5635.26 21.6 5.94
5635.13 5635.26 21.6 5.94
5635.08 5635.26 21.5 5.92
5635.08 5635.26 21.5 5.92
5635.04 5635.26 22.1 6.00
5635.04 5635.26 22.1 6.00
5634.98 5635.26 21.4 5.92
5634.98 5635.26 21.4 5.92
5634.93 5635.27 22.0 5.99
5634.93 5635.27 22.0 5.99
5634.87 5635.27 21.5 5.92
5634.87 5635.27 21.5 5.92
5634.81 5635.26 22.2 6.02
5634.81 5635.26 22.2 6.02
5634.78 5635.26 21.9 5.98
5634.78 5635.26 21.9 5.98
5634.75 5635.27 21.8 5.97
5634.75 5635.27 21.8 5.97
5634.73 5635.26 21.7 5.96
5634.73 5635.26 21.7 5.96
5634.72 5635.25 21.2 5.88
5634.72 5635.25 21.2 5.88
5634.72 5635.26 20.9 5.84
5634.72 5635.26 20.9 5.84
5634.74 5635.27 21.1 5.87
5634.74 5635.27 21.1 5.87
5634.76 5635.28 21.1 5.86
5634.76 5635.28 21.1 5.86
5634.75 5635.27 20.8 5.83
5634.75 5635.27 20.8 5.83
5634.75 5635.27 20.8 5.83
5634.75 5635.27 20.8 5.83
5634.78 5635.28 20.8 5.83
5634.78 5635.28 20.8 5.83
5634.77 5635.28 20.9 5.84
5634.77 5635.28 20.9 5.84
5634.78 5635.30 20.4 5.76
5634.78 5635.30 20.4 5.76
5634.97 5635.28 21.2 5.89
5634.97 5635.28 21.2 5.89
5634.96 5635.27 22.3 6.03
5634.96 5635.27 22.3 6.03
5634.94 5635.28 21.6 5.94
5634.94 5635.28 21.6 5.94
5634.91 5635.27 21.6 5.94
5634.91 5635.27 21.6 5.94
5634.88 5635.28 22.0 5.99
5634.88 5635.28 22.0 5.99
5634.85 5635.29 22.4 6.04
5634.85 5635.29 22.4 6.04
5634.83 5635.30 21.6 5.93
5634.83 5635.30 21.6 5.93
5634.82 5635.28 21.9 5.99
5634.82 5635.28 21.9 5.99
5634.79 5635.29 21.5 5.92
5634.79 5635.29 21.5 5.92
5634.78 5635.28 21.2 5.88
5634.78 5635.28 21.2 5.88
5634.79 5635.29 21.2 5.88
5634.79 5635.29 21.2 5.88
5634.79 5635.30 21.4 5.91
5634.79 5635.30 21.4 5.91
5634.81 5635.31 20.8 5.83
5634.81 5635.31 20.8 5.83
5634.83 5635.33 21.1 5.87
5634.83 5635.33 21.1 5.87
5634.86 5635.31 20.8 5.83
5634.86 5635.31 20.8 5.83
5634.88 5635.31 21.0 5.86
5634.88 5635.31 21.0 5.86
5634.89 5635.32 21.1 5.86
5634.89 5635.32 21.1 5.86
5634.90 5635.33 21.1 5.87
5634.90 5635.33 21.1 5.87
5634.89 5635.34 20.9 5.84
5634.89 5635.34 20.9 5.84
5634.93 5635.35 21.1 5.87
5634.93 5635.35 21.1 5.87
5635.04 5635.36 21.5 5.92
5635.04 5635.36 21.5 5.92
5635.02 5635.36 21.3 5.89
5635.02 5635.36 21.3 5.89
5635.01 5635.36 22.0 5.99
5635.01 5635.36 22.0 5.99
5635.02 5635.36 22.1 6.01
5635.02 5635.36 22.1 6.01
5635.01 5635.36 21.8 5.97
5635.01 5635.36 21.8 5.97
5634.99 5635.37 21.6 5.94
5634.99 5635.37 21.6 5.94
5635.00 5635.37 21.8 5.97
5635.00 5635.37 21.8 5.97
5635.01 5635.37 22.1 6.01
5635.01 5635.37 22.1 6.01
5635.02 5635.38 21.9 5.98
5635.02 5635.38 21.9 5.98
5635.04 5635.38 22.3 6.03
5635.04 5635.38 22.3 6.03
5635.05 5635.39 22.2 6.02
5635.05 5635.39 22.2 6.02
5635.05 5635.39 21.9 5.99
5635.05 5635.39 21.9 5.99
5635.06 5635.38 21.9 5.98
5635.06 5635.38 21.9 5.98
5635.08 5635.40 21.7 5.96
5635.08 5635.40 21.7 5.96
5635.10 5635.40 21.4 5.91
5635.10 5635.40 21.4 5.91
5635.12 5635.42 21.7 5.95
5635.12 5635.42 21.7 5.95
5635.14 5635.42 21.7 5.95
5635.14 5635.42 21.7 5.95
5635.16 5635.41 21.8 5.97
5635.16 5635.41 21.8 5.97
5635.17 5635.42 21.9 5.98
5635.17 5635.42 21.9 5.98
5635.20 5635.43 22.0 6.00
5635.20 5635.43 22.0 6.00
5635.23 5635.42 21.6 5.94
5635.23 5635.42 21.6 5.94
5635.24 5635.42 22.0 5.99
5635.24 5635.42 22.0 5.99
5635.26 5635.42 21.7 5.95
5635.26 5635.42 21.7 5.95
5635.28 5635.42 21.6 5.94
5635.28 5635.42 21.6 5.94
5635.31 5635.41 22.1 6.00
5635.31 5635.41 22.1 6.00
5635.33 5635.40 22.0 6.00
5635.33 5635.40 22.0 6.00
5635.36 5635.39 21.9 5.99
5635.36 5635.39 21.9 5.99
5635.40 5635.41 22.3 6.03
5635.40 5635.41 22.3 6.03
